,Incident Angle,Detected number,LXe refractive index
0,0,67,1.69
1,1,160,1.69
2,2,290,1.69
3,3,456,1.69
4,4,508,1.69
5,5,588,1.69
6,6,725,1.69
7,7,863,1.69
8,8,787,1.69
9,9,486,1.69
10,10,256,1.69
11,11,73,1.69
12,12,4,1.69
13,13,0,1.69
14,14,0,1.69
15,15,0,1.69
16,16,0,1.69
17,17,0,1.69
18,18,0,1.69
19,19,0,1.69
20,20,0,1.69
21,21,0,1.69
22,22,0,1.69
23,23,0,1.69
24,24,0,1.69
25,25,0,1.69
26,26,0,1.69
27,27,0,1.69
28,28,0,1.69
29,29,0,1.69
30,30,0,1.69
31,31,0,1.69
32,32,0,1.69
33,33,0,1.69
34,34,0,1.69
35,35,0,1.69
36,36,0,1.69
37,37,0,1.69
38,38,0,1.69
39,39,0,1.69
40,40,0,1.69
41,41,0,1.69
42,42,0,1.69
43,43,0,1.69
44,44,0,1.69
45,45,0,1.69
46,46,0,1.69
47,47,0,1.69
48,48,0,1.69
49,49,0,1.69
50,50,0,1.69
51,51,0,1.69
52,52,0,1.69
53,53,0,1.69
54,54,0,1.69
55,55,0,1.69
56,56,0,1.69
57,57,0,1.69
58,58,0,1.69
59,59,0,1.69
60,60,0,1.69
61,61,0,1.69
62,62,0,1.69
63,63,0,1.69
64,64,0,1.69
65,65,0,1.69
66,66,0,1.69
67,67,0,1.69
68,68,0,1.69
69,69,0,1.69
70,70,0,1.69
71,71,0,1.69
72,72,0,1.69
73,73,0,1.69
74,74,0,1.69
75,75,0,1.69
76,76,0,1.69
77,77,0,1.69
78,78,0,1.69
79,79,0,1.69
80,80,0,1.69
81,81,0,1.69
82,82,0,1.69
83,83,0,1.69
84,84,0,1.69
85,85,0,1.69
86,86,0,1.69
87,87,0,1.69
88,88,0,1.69
89,89,0,1.69
